2129865779
6966579291
5796155127
7164387290
5796155127
2129865779
2129865779
2129865779
6966579291
6966579291
2129865779
2129865779
2129865779
2129865779
6966579291
2129865779
2129865779
2129865779
2129865779
2129865779
2129865779
2129865779
2129865779
2129865779
2129865779
2129865779
2129865779
2129865779
2129865779
2129865779
2129865779
2129865779
2129865779
2129865779
2129865779
2129865779
2129865779
2129865779
2129865779
2129865779
2129865779
2129865779
2129865779
2129865779
2129865779
2129865779
2129865779
2129865779
2129865779
2129865779
2129865779
2129865779
2129865779
2129865779
2129865779
2129865779
2129865779
2129865779
2129865779
2129865779
2129865779
2129865779
2129865779
2129865779
2129865779
2129865779
2129865779
2129865779
6966579291
6966579291
6966579291
6966579291
2129865779
2129865779
2129865779
2129865779
2129865779
